B*x=b, b is originally=
0.218959, 0.519416, 0.00769819, 0.930436, 0.701191, 
B is originally =
7.82637e-06 0.131538 0.755605 0.45865 0.532767 
0.0470446 0.678865 0.679296 0.934693 0.383502 
0.830965 0.0345721 0.0534616 0.5297 0.671149 
0.383416 0.0668422 0.417486 0.686773 0.588977 
0.846167 0.526929 0.0919649 0.653919 0.415999 
B=QR
Upper triangular matrix R=
1.24729 0.426658 0.251968 1.04289 0.924868 
0 0.761209 0.697902 0.86532 0.285856 
0 0 0.816969 0.599757 0.673911 
0 0 0 0.260294 0.0720939 
0 0 0 0 0.0696893 
Ortogonal matrix Q=
6.27472e-06 0.172798 0.777273 -0.60338 0.0438128 
0.0377176 0.870683 0.0760628 0.370038 0.312689 
0.666219 -0.327998 0.14016 0.13319 0.641237 
0.3074 -0.084487 0.488384 0.562382 -0.586152 
0.678406 0.311979 -0.363175 -0.406191 -0.381505 
check Q(0)*Q(1) = 1.94289e-16, should be 0
check Q(1)*Q(2) = -6.93889e-17, should be 0
check Q(0)*Q(2) = -1.38778e-16, should be 0
Check Q on normality Q^TQ =
1 1.94289e-16 -1.38778e-16 9.4369e-16 2.22045e-15 
1.94289e-16 1 -6.93889e-17 2.77556e-16 2.63678e-16 
-1.38778e-16 -6.93889e-17 1 -6.10623e-16 -4.996e-16 
9.4369e-16 2.77556e-16 -6.10623e-16 1 -2.22045e-16 
2.22045e-15 2.63678e-16 -4.996e-16 -2.22045e-16 1 
check QR = 
7.82637e-06 0.131538 0.755605 0.45865 0.532767 
0.0470446 0.678865 0.679296 0.934693 0.383502 
0.830965 0.0345721 0.0534616 0.5297 0.671149 
0.383416 0.0668422 0.417486 0.686773 0.588977 
0.846167 0.526929 0.0919649 0.653919 0.415999 
Solution to Bx=b, x=4.89234, -4.8163, 5.32962, 3.67829, -9.12536, 
check Bx=
0.218959, 0.519416, 0.00769819, 0.930436, 0.701191, 
Ainv=
0.904131 -3.60906 -4.70942 3.90558 4.23757 
0.749728 2.68394 3.8598 -5.9437 -1.24648 
2.26239 -3.73942 -5.9233 4.23959 4.10372 
-2.4922 0.178872 -2.03682 4.49014 -0.0442682 
0.628688 4.48691 9.20138 -8.41094 -5.47437 
check Ainv*A=
1 -1.02141e-14 -2.44249e-15 -1.86517e-14 -1.55431e-14 
1.73195e-14 1 1.97065e-15 1.40998e-14 1.09912e-14 
-2.79776e-14 -1.24345e-14 1 -2.17604e-14 -1.68754e-14 
-6.16174e-15 -2.2482e-15 -1.85529e-15 1 -4.43395e-15 
3.9968e-14 1.73195e-14 5.10703e-15 3.19744e-14 1 
